0,0,0,0,1,0,0,1,1,1,0,0,0,0,0,0,1,1,1,1,0,0,0,1,0,0,0,1,1,1,0,0,0,1,1,0,0,1,1,0,1,0,0,0,0,0,1,1,1---------[101]
0,1,0,1,0,0,1,1,1,1,0,1,0,0,0,1,1,0,1,1,1,1,1,1,0,1,1,1,1,1,0,0,1,1,1,0,0,0,1,0,1,1,1,0,1,1,0,1,0---------[41]
1,0,1,1,0,0,0,1,1,1,0,0,1,1,0,0,0,1,0,1,0,1,0,0,0,0,1,1,1,0,0,1,1,0,1,0,0,0,0,1,1,0,1,0,1,0,1,1,0---------[126]
1,0,1,1,0,0,1,1,1,1,1,1,0,0,0,1,1,1,0,1,0,0,0,0,0,0,1,0,1,1,0,1,1,0,0,0,0,0,0,1,1,0,1,0,1,0,0,1,0---------[33]
0,1,0,0,1,1,1,0,1,1,0,1,1,0,0,1,1,0,1,1,1,1,1,0,1,1,1,1,1,1,0,1,1,1,1,1,0,1,0,0,1,1,1,0,1,0,0,1,1---------[27]
1,1,1,0,0,0,1,0,1,0,0,0,0,1,1,0,0,0,0,0,0,1,1,0,1,0,1,1,0,0,1,1,0,0,1,0,1,0,0,0,0,0,0,1,0,0,0,1,0---------[149]
1,0,1,1,0,0,0,1,0,0,1,1,0,1,0,1,1,1,0,1,1,0,0,0,0,0,1,0,1,1,0,1,1,0,0,0,0,0,0,1,1,0,1,0,1,1,1,1,0---------[113]
1,0,1,1,0,0,1,0,1,1,1,1,0,0,0,0,1,0,0,1,1,0,1,0,0,0,1,1,0,0,1,1,0,0,0,0,1,0,0,0,0,0,1,1,1,0,0,1,0---------[135]
1,0,1,1,0,0,1,0,1,1,1,1,1,0,0,1,1,0,0,1,0,0,1,0,0,0,0,0,0,0,1,1,0,0,0,0,1,0,0,0,1,0,1,1,1,0,0,1,0---------[17]
1,0,0,1,0,0,0,1,1,0,0,0,1,1,0,0,0,0,0,1,0,1,0,0,0,0,0,1,1,1,0,1,0,0,0,0,0,1,0,0,1,0,0,0,1,0,1,1,0---------[122]
#CHROMOSOME_END


Solution name: 101, profit: 21.2, fitness: 1.779
Solution name: 41, profit: 13.4, fitness: 1.188
Solution name: 126, profit: 13.4, fitness: 1.159
Solution name: 33, profit: 13.3, fitness: 1.164
Solution name: 27, profit: 11.0, fitness: 0.994
Solution name: 149, profit: 11.0, fitness: 0.994
Solution name: 113, profit: 10.9, fitness: 0.968
Solution name: 135, profit: 10.1, fitness: 1.008
Solution name: 17, profit: 9.4, fitness: 0.859
Solution name: 122, profit: 8.9, fitness: 0.812
