0,0,1,1,1,1,1,0,1,1,1,0,1,1,0,0,0,1,1,1,1,0,1,1,1,0,0,0,0,0,1,1,0,1,0,0,1,1,0,1,0,1,0,0,1,1,1,0,0,1,0,1,0,1,1,1,0,0,1,1,0,1,1,0,0,1,1,1,1,0,0,0,0,0,0,0,1,0,1,0,1,1,0,1,0,1,1,1,0,0,1,1,0,0,1,1,1,0,1,1,1,0,0,0,0,1,0---------[13575]
0,0,0,1,1,1,1,0,1,0,0,0,1,1,0,0,0,1,1,1,1,0,1,1,1,0,0,0,0,0,1,1,0,1,0,0,1,1,0,1,0,1,0,0,1,1,1,0,0,1,0,1,0,1,1,1,0,0,1,1,0,1,1,0,0,1,1,1,1,0,0,0,0,0,0,0,1,0,1,0,1,1,0,1,0,1,1,1,0,0,1,1,0,0,1,1,1,0,1,1,1,0,0,0,0,1,0---------[10732]
0,0,1,0,1,1,1,1,1,0,0,0,1,1,0,0,0,1,1,1,0,0,1,1,1,0,0,0,0,0,1,1,0,1,0,0,1,1,0,1,0,1,0,0,1,1,1,1,0,0,0,1,0,1,1,1,0,0,1,1,0,1,1,0,0,1,1,1,1,0,0,0,0,0,0,0,1,0,1,1,0,1,0,1,0,1,1,1,0,0,1,1,0,0,1,1,1,0,1,1,1,0,0,0,0,1,0---------[13681]
0,0,1,1,1,1,1,1,1,0,0,0,1,1,0,0,0,1,1,1,1,0,1,1,1,0,0,0,0,0,1,1,0,1,0,0,1,1,0,1,0,1,0,0,1,1,1,0,1,0,0,1,0,1,1,1,0,0,1,1,0,1,1,0,0,1,1,1,1,0,0,0,0,0,0,0,1,0,1,1,0,1,0,1,0,1,1,1,0,0,1,1,0,0,1,1,1,0,1,1,1,0,0,0,0,1,0---------[12275]
0,0,1,1,1,1,1,1,1,0,1,0,1,1,0,0,0,1,1,1,1,0,1,1,0,0,0,0,0,0,1,1,0,1,0,0,1,1,0,1,0,1,0,0,1,1,1,0,1,0,0,1,0,1,1,1,0,0,1,1,0,1,1,0,0,1,1,1,1,0,0,0,0,0,0,0,1,0,1,1,0,1,0,1,0,1,1,0,0,0,1,1,0,0,1,1,1,0,1,1,1,0,0,0,0,1,0---------[13671]
0,0,1,1,1,1,1,1,1,0,0,0,1,1,0,0,0,1,1,1,1,0,1,1,1,0,0,0,0,0,1,1,0,1,0,0,1,1,0,1,0,1,0,0,1,1,1,0,0,0,0,1,0,1,1,1,0,0,1,1,0,1,1,0,0,1,1,1,1,0,0,0,0,0,0,0,1,0,1,1,0,1,0,1,0,1,1,0,1,0,1,1,0,0,1,1,1,0,1,1,1,0,0,0,0,1,0---------[13664]
0,0,0,1,1,1,1,0,1,0,0,0,1,1,0,0,0,1,1,1,1,0,1,1,1,0,0,0,0,0,1,1,0,1,0,0,1,1,0,1,0,1,1,0,1,1,1,0,1,0,1,1,0,1,0,1,0,0,1,1,0,1,1,0,0,1,1,1,1,0,0,0,0,0,0,0,1,0,1,1,0,1,0,1,0,1,1,1,1,0,1,1,0,0,1,1,1,0,1,1,1,0,0,0,0,1,0---------[12491]
0,0,1,1,1,1,1,1,1,0,0,0,1,1,0,0,0,1,1,1,1,0,1,1,1,0,0,0,0,0,1,1,0,1,0,0,1,1,0,1,0,1,1,0,1,1,1,0,1,0,1,1,0,1,0,1,0,0,1,1,0,1,1,0,0,1,1,1,1,0,0,0,0,0,0,0,1,0,1,1,0,1,0,1,0,1,1,1,1,0,1,1,0,0,1,1,1,0,1,1,1,0,0,0,0,1,0---------[13697]
0,0,1,1,1,1,1,1,1,0,1,0,1,1,0,0,0,1,1,1,1,0,1,1,1,0,0,0,0,0,1,1,0,1,0,0,1,1,0,1,0,1,0,0,1,1,1,0,1,0,0,1,0,0,1,1,1,0,1,1,0,1,1,0,0,1,1,1,1,0,0,0,0,0,0,0,1,0,1,1,0,1,0,1,0,1,1,1,1,0,1,1,0,0,1,1,0,1,0,1,1,0,0,0,0,1,0---------[13580]
0,0,1,1,1,1,1,0,1,0,0,0,1,1,0,0,0,1,1,1,1,0,1,1,1,0,0,0,0,0,1,1,0,1,0,0,1,1,0,1,0,1,1,0,1,1,1,0,1,1,1,1,0,1,0,1,0,0,1,1,0,1,1,0,0,1,1,1,1,0,0,0,0,0,0,0,1,0,1,1,0,1,0,1,0,1,1,1,1,0,0,1,0,0,1,1,1,0,1,1,1,0,0,0,0,1,0---------[12857]
#CHROMOSOME_END


Solution name: 13575, profit: 71.1, fitness: 0.16
Solution name: 10732, profit: 71.1, fitness: 0.16
Solution name: 13681, profit: 70.5, fitness: 0.165
Solution name: 12275, profit: 70.5, fitness: 0.165
Solution name: 13671, profit: 70.5, fitness: 0.165
Solution name: 13664, profit: 69.6, fitness: 0.164
Solution name: 12491, profit: 69.6, fitness: 0.164
Solution name: 13697, profit: 69.6, fitness: 0.164
Solution name: 13580, profit: 68.3, fitness: 0.161
Solution name: 12857, profit: 67.9, fitness: 0.159
chosen_profit arrtribute: profit_3_day
