1,0,1,1,1,0,1,0,0,1,0,1,1,0,1,1,1,1,1,1,0,1,0,0,0,0,1,1,0,1,1,1,1,0,1,0,0,0,0,1,1,0,0,0,1,1,1,0,1---------
1,0,1,1,1,0,1,0,0,1,0,1,1,0,1,1,1,1,1,1,0,1,0,0,0,0,1,1,0,1,1,1,1,0,1,0,0,0,0,0,1,0,0,0,1,0,1,1,1---------
1,0,1,1,1,0,1,0,1,1,0,0,1,0,1,1,1,1,1,0,0,1,1,0,0,0,1,1,0,1,1,0,1,1,1,0,0,1,0,0,1,0,0,1,0,1,1,1,0---------
1,0,1,1,0,0,1,0,0,1,1,1,1,0,1,1,1,1,1,1,0,1,0,0,0,0,1,1,0,1,1,1,1,0,1,0,0,0,0,0,1,0,0,0,0,0,1,1,1---------
1,0,1,1,1,0,1,0,0,1,0,1,1,0,1,1,1,1,1,1,0,1,1,0,0,1,1,1,0,1,1,1,1,0,1,0,0,1,0,0,1,0,0,0,0,0,1,1,1---------
1,0,1,1,1,0,1,0,0,1,0,1,1,0,1,1,1,1,1,0,0,1,1,0,0,1,1,1,0,1,1,1,1,0,1,0,0,1,0,0,1,0,0,0,0,0,0,1,1---------
1,0,1,1,1,0,1,0,0,1,0,1,1,0,1,1,1,1,1,0,0,1,1,0,0,1,1,1,0,1,1,1,1,0,1,0,0,1,0,0,1,0,0,0,0,0,0,1,1---------
1,0,1,1,1,0,1,0,0,1,0,1,1,0,1,1,1,1,1,1,0,1,0,0,0,0,1,1,0,0,1,1,1,0,1,0,0,0,0,1,1,1,0,0,0,0,1,0,1---------
1,0,1,1,1,0,1,0,0,1,1,1,1,0,0,1,1,1,0,0,0,1,0,0,0,1,1,1,0,1,1,1,1,0,1,0,0,1,0,0,1,0,0,1,0,0,1,1,0---------
1,0,1,1,1,0,1,0,0,1,0,1,1,0,1,1,1,1,1,0,0,1,0,0,0,0,1,1,0,1,1,1,1,0,1,0,0,1,0,0,1,0,0,0,1,1,1,1,1---------
#CHROMOSOME_END


Solution name: 13330, profit: 24.3, fitness: 2.031
Solution name: 8556, profit: 24.3, fitness: 2.031
Solution name: 12160, profit: 24.0, fitness: 2.001
Solution name: 13360, profit: 23.2, fitness: 1.949
Solution name: 3552, profit: 23.2, fitness: 1.942
Solution name: 13332, profit: 22.9, fitness: 1.923
Solution name: 11823, profit: 22.9, fitness: 1.923
Solution name: 13238, profit: 22.7, fitness: 1.914
Solution name: 13192, profit: 22.5, fitness: 1.89
Solution name: 12858, profit: 22.5, fitness: 1.902
