1,1,1,0,0,0,0,0,0,0,0,0,1,0,0,0,1,0,0,1,0,0,0,1,1,1,1,0,0,0,1,0,1,0,1,1,0,0,0,1,0,1,1,1,0,1,1,1,1,0,1,0,1,1,0,0,1,1,0,1,1,1,0,1,1,0,0,1,1,0,0,1,0,0,0,0,1,1,0,0,1,0,1,0,0,1,0,0,1,1,1,1,1,1,1,0,1,0,0,1,1,0,1,1,1,0,1---------[2835]
1,1,1,0,0,0,0,0,0,0,0,0,0,0,0,0,1,1,0,1,1,1,0,1,1,1,1,0,0,0,1,1,1,0,0,1,0,0,0,1,0,1,1,1,0,1,1,1,1,0,1,0,1,1,0,0,1,1,1,0,1,1,0,1,1,1,0,1,1,0,0,1,0,0,0,0,0,0,0,0,0,0,0,0,1,1,0,0,1,1,1,1,1,1,1,0,1,0,0,1,1,0,1,1,1,0,1---------[2789]
1,1,1,0,0,0,0,0,0,0,0,0,0,0,0,0,0,0,1,1,1,0,0,0,1,1,1,0,0,0,1,0,1,0,0,1,0,0,0,1,1,1,1,0,0,1,1,1,1,0,1,0,1,1,0,0,0,1,1,0,1,1,0,1,1,0,0,1,1,0,0,1,0,0,0,0,0,1,0,0,0,0,0,0,0,1,0,0,1,1,1,1,1,1,1,0,1,0,0,1,1,0,1,1,1,0,1---------[2795]
1,1,1,0,0,0,0,0,0,0,0,0,0,0,0,0,1,0,0,1,0,0,0,1,1,1,1,0,0,0,1,0,1,0,0,1,0,0,0,1,1,1,1,1,0,1,1,1,1,0,1,0,1,1,0,0,0,1,1,0,1,1,0,0,1,1,0,1,1,0,0,1,0,0,0,0,1,1,0,1,0,0,1,0,0,1,0,0,1,1,1,0,1,1,1,0,1,0,0,1,1,0,1,1,1,1,1---------[2834]
1,1,1,0,0,0,0,0,0,0,0,0,1,0,0,0,0,0,0,1,1,0,0,0,1,1,1,0,0,0,1,0,1,0,1,1,0,0,0,1,0,1,1,1,0,1,1,0,1,0,1,0,1,1,0,0,1,1,0,1,1,1,0,1,1,0,0,1,0,0,0,1,0,0,0,0,1,1,0,0,1,0,1,0,0,1,0,0,1,1,1,1,1,1,1,0,1,0,0,1,1,0,1,1,1,0,1---------[2744]
1,1,1,0,0,0,0,0,0,0,0,0,0,0,0,0,1,0,0,1,0,0,0,1,1,0,1,0,0,0,1,0,1,0,0,1,0,0,0,0,1,1,1,1,0,1,1,1,1,0,1,0,1,1,1,0,1,1,1,0,1,1,0,1,1,0,0,1,1,0,0,1,0,0,0,0,1,1,1,0,0,0,1,0,0,1,0,0,1,1,1,0,1,1,1,0,1,0,0,1,1,0,1,1,1,0,1---------[2753]
1,1,1,0,0,0,0,0,0,0,0,0,0,0,0,0,1,0,0,1,0,1,0,1,1,1,1,0,0,0,1,0,1,0,0,1,0,0,0,1,1,1,1,1,0,1,1,1,1,0,1,0,1,1,0,0,1,1,1,0,1,1,0,1,1,0,0,1,1,0,0,1,0,0,0,0,0,1,0,0,0,0,1,0,0,1,0,0,1,1,1,0,1,1,1,0,1,0,0,1,1,0,1,1,1,0,1---------[2585]
1,1,0,0,0,0,0,0,0,0,0,0,0,0,0,0,1,0,0,1,1,0,0,0,1,1,1,0,0,0,1,0,1,0,0,1,0,1,1,1,0,1,1,1,0,1,1,1,1,0,1,0,1,0,0,0,0,1,0,1,1,1,0,0,1,0,0,1,0,0,0,1,0,0,0,0,0,1,0,1,1,1,0,0,1,1,0,0,0,0,1,1,1,1,1,0,1,0,0,1,1,0,1,1,1,0,1---------[2784]
1,1,1,0,0,0,0,0,0,0,0,0,0,1,0,0,1,0,0,0,1,1,0,1,1,1,0,1,0,0,0,1,0,0,0,1,0,1,0,1,0,1,1,1,0,1,1,1,1,0,1,0,0,1,1,0,0,1,1,0,1,1,0,1,1,0,0,0,0,0,0,1,1,0,0,0,1,0,0,1,1,1,0,1,1,1,0,0,1,1,1,1,1,1,1,0,1,0,0,1,1,0,1,1,1,0,1---------[2189]
1,1,1,0,0,0,0,0,0,0,0,0,0,0,0,0,1,0,0,0,1,1,0,1,1,1,0,1,1,0,0,0,0,0,0,1,0,1,1,1,0,1,1,1,0,1,1,1,1,0,1,0,0,1,0,0,0,1,1,0,1,1,0,1,1,0,0,0,0,0,0,1,1,0,0,0,1,0,0,1,1,1,0,1,1,1,0,0,1,1,1,1,1,1,1,0,1,0,0,1,1,0,1,1,1,0,1---------[2653]
#CHROMOSOME_END


Solution name: 2835, profit: 84.8, fitness: 0.121
Solution name: 2789, profit: 82.3, fitness: 0.115
Solution name: 2795, profit: 82.0, fitness: 0.116
Solution name: 2834, profit: 80.7, fitness: 0.119
Solution name: 2744, profit: 76.7, fitness: 0.116
Solution name: 2753, profit: 75.5, fitness: 0.114
Solution name: 2585, profit: 75.4, fitness: 0.114
Solution name: 2784, profit: 72.1, fitness: 0.114
Solution name: 2189, profit: 49.3, fitness: 0.114
Solution name: 2653, profit: 49.3, fitness: 0.114
